A(1,2)
1 2     -2
2

A(1,2,3)
1 2 3   -2
1 3    -1
3

A(1,2,3,4)
1 2 3 4    -2
1 3 4     -3
1 3      -2
1

A(1,2,3,4,5)
1 2 3 4 5   -2
1 3 4 5    -3
1 3 5     -1 
3 5      -2
3

A(1,2,3,4,5,6)
1 2 3 4 5 6  -2
1 3 4 5 6   -3
1 3 5 6    -4
1 3 5     -2
1 5      -1
5

A(1,2,3,4,5,6,7)
1 2 3 4 5 6 7   -2
1 3 4 5 6 7    -3
1 3 5 6 7     -4
1 3 5 7      -1
3 5 7       -2
3 7        -1
7

A(1,2,3,4,5,6,7,8)
1 2 3 4 5 6 7 8     -2
1 3 4 5 6 7 8      -3
1 3 5 6 7 8       -4
1 3 5 7 8        -5
1 3 5 7         -2
1 5 7          -3
1 5           -2
1

A(1,2,3,4,5,6,7,8,9,10)
1 2 3 4 5 6 7 8 9 10   -2  
1 3 4 5 6 7 8 9 10    -3
1 3 5 6 7 8 9 10     -4
1 3 5 7 8 9 10      -5
1 3 5 7 9 10       -6
1 3 5 7 9         -2  
1 5 7 9          -3  
1 5 9           -1   
5 9            -2
5




1 2 3 4 5 6 7 8 9 10 11 12 13 14 15 16 17 18 19 20
1 3 5 7 9 11 13 15 17 19
1 5 9 13 17
9 17
9